
# Methanol in water

temperature = 298.15
concentration = 1 unit M

translations = 3

rotations = 3
3.98199904
20.50103433
21.27739477

mass = 32.04
sigma = 1
energy = 0.0
vibrations = 0

solute_volume = 35.24161
solvent_volume = 15.24127
solvent_mass = 18.0
solvent_density = 1.0
solvent_acentricity = 0.344
solvent_permittivity = 78.540
solvent_expansion = 0.207
rgyr = 1.1944
solvent_rgyr = 0.6851
sasa = 119.5194
solvent_sasa = 71.0778

