
# Liquid methanol

temperature = 337.8
concentration = 0.796 unit g/ml

translations = 3

rotations = 3
3.98199904
20.50103433
21.27739477

mass = 32.04
sigma = 1
energy = 0.0
vibrations = 0

vvdw = 35.24161
bbox = 119.5194
rgyr = 1.1944

solvent = methanol

