
# Methanol gas

temperature = 298.15
pressure = 0.9869233

translations = 3

rotations = 3
3.98199904
20.50103433
21.27739477

mass = 32.04
sigma = 1
energy = 0.0
vibrations = 0

